Packet Injections, Packet Ejections, Offered Load, Switch Throughput, Packet Collisions, Simulation Time, Injection Chance
4000000, 3104067, 4, 3.10407, 895917, 1000000, 1
3959885, 3100779, 3.95988, 3.10078, 899205, 1000000, 0.99
3919676, 3101708, 3.91968, 3.10171, 898277, 1000000, 0.98
3879302, 3101055, 3.8793, 3.10106, 898928, 1000000, 0.97
3839378, 3102388, 3.83938, 3.10239, 897598, 1000000, 0.96
3799507, 3100463, 3.79951, 3.10046, 899521, 1000000, 0.95
3759264, 3100171, 3.75926, 3.10017, 899814, 1000000, 0.94
3719540, 3100069, 3.71954, 3.10007, 899913, 1000000, 0.93
3679660, 3100542, 3.67966, 3.10054, 899440, 1000000, 0.92
3639161, 3097508, 3.63916, 3.09751, 902474, 1000000, 0.91
3599069, 3101269, 3.59907, 3.10127, 898716, 1000000, 0.9
3558702, 3098681, 3.5587, 3.09868, 901295, 1000000, 0.89
3519449, 3101313, 3.51945, 3.10131, 898654, 1000000, 0.88
3478643, 3100841, 3.47864, 3.10084, 899134, 1000000, 0.87
3438696, 3102756, 3.4387, 3.10276, 897208, 1000000, 0.86
3399326, 3103467, 3.39933, 3.10347, 896370, 1000000, 0.85
3359606, 3103049, 3.35961, 3.10305, 896307, 1000000, 0.84
3318621, 3099707, 3.31862, 3.09971, 897242, 1000000, 0.83
3278135, 3097311, 3.27813, 3.09731, 890491, 1000000, 0.82
3239344, 3089391, 3.23934, 3.08939, 877072, 1000000, 0.81
3198257, 3075699, 3.19826, 3.0757, 855240, 1000000, 0.8
3158558, 3059689, 3.15856, 3.05969, 829002, 1000000, 0.79
3119980, 3039759, 3.11998, 3.03976, 806712, 1000000, 0.78
3079696, 3018412, 3.0797, 3.01841, 783880, 1000000, 0.77
3039886, 2996385, 3.03989, 2.99639, 757801, 1000000, 0.76
2998914, 2972884, 2.99891, 2.97288, 728725, 1000000, 0.75
2961159, 2945176, 2.96116, 2.94518, 708247, 1000000, 0.74
2920081, 2912616, 2.92008, 2.91262, 676424, 1000000, 0.73
2879731, 2877040, 2.87973, 2.87704, 647720, 1000000, 0.72
2841541, 2840535, 2.84154, 2.84054, 621702, 1000000, 0.71
2798430, 2798148, 2.79843, 2.79815, 584900, 1000000, 0.7
2761485, 2761347, 2.76148, 2.76135, 557271, 1000000, 0.69
2720376, 2720312, 2.72038, 2.72031, 531649, 1000000, 0.68
2681097, 2681083, 2.6811, 2.68108, 506623, 1000000, 0.67
2640732, 2640721, 2.64073, 2.64072, 483650, 1000000, 0.66
2602179, 2602169, 2.60218, 2.60217, 461973, 1000000, 0.65
2561624, 2561611, 2.56162, 2.56161, 440422, 1000000, 0.64
2521811, 2521789, 2.52181, 2.52179, 417923, 1000000, 0.63
2481666, 2481656, 2.48167, 2.48166, 396220, 1000000, 0.62
2442577, 2442563, 2.44258, 2.44256, 379394, 1000000, 0.61
2401601, 2401591, 2.4016, 2.40159, 360191, 1000000, 0.6
2361774, 2361763, 2.36177, 2.36176, 342065, 1000000, 0.59
2322988, 2322976, 2.32299, 2.32298, 326602, 1000000, 0.58
2280796, 2280785, 2.2808, 2.28078, 308897, 1000000, 0.57
2241747, 2241734, 2.24175, 2.24173, 294669, 1000000, 0.56
2201074, 2201064, 2.20107, 2.20106, 279591, 1000000, 0.55
2162548, 2162540, 2.16255, 2.16254, 266279, 1000000, 0.54
2120611, 2120599, 2.12061, 2.1206, 252423, 1000000, 0.53
2080880, 2080873, 2.08088, 2.08087, 238785, 1000000, 0.52
2042405, 2042398, 2.04241, 2.0424, 227881, 1000000, 0.51
2000389, 2000377, 2.00039, 2.00038, 215957, 1000000, 0.5
1960784, 1960771, 1.96078, 1.96077, 204596, 1000000, 0.49
1919676, 1919665, 1.91968, 1.91966, 193207, 1000000, 0.48
1878718, 1878711, 1.87872, 1.87871, 182175, 1000000, 0.47
1839983, 1839976, 1.83998, 1.83998, 173180, 1000000, 0.46
1800115, 1800112, 1.80011, 1.80011, 164340, 1000000, 0.45
1760472, 1760466, 1.76047, 1.76047, 154033, 1000000, 0.44
1720066, 1720061, 1.72007, 1.72006, 145281, 1000000, 0.43
1679203, 1679197, 1.6792, 1.6792, 136044, 1000000, 0.42
1639703, 1639696, 1.6397, 1.6397, 128759, 1000000, 0.41
1600577, 1600570, 1.60058, 1.60057, 122352, 1000000, 0.4
1558977, 1558972, 1.55898, 1.55897, 114364, 1000000, 0.39
1520531, 1520527, 1.52053, 1.52053, 106723, 1000000, 0.38
1480391, 1480385, 1.48039, 1.48039, 100522, 1000000, 0.37
1438201, 1438196, 1.4382, 1.4382, 93588, 1000000, 0.36
1399489, 1399485, 1.39949, 1.39949, 87367, 1000000, 0.35
1360745, 1360738, 1.36075, 1.36074, 82663, 1000000, 0.34
1321020, 1321014, 1.32102, 1.32101, 76245, 1000000, 0.33
1279073, 1279068, 1.27907, 1.27907, 71284, 1000000, 0.32
1240339, 1240332, 1.24034, 1.24033, 66585, 1000000, 0.31
1201221, 1201216, 1.20122, 1.20122, 61759, 1000000, 0.3
1161450, 1161444, 1.16145, 1.16144, 57118, 1000000, 0.29
1120528, 1120525, 1.12053, 1.12052, 52599, 1000000, 0.28
1079726, 1079722, 1.07973, 1.07972, 48096, 1000000, 0.27
1038619, 1038615, 1.03862, 1.03862, 44721, 1000000, 0.26
998410, 998406, 0.99841, 0.998406, 41176, 1000000, 0.25
958656, 958654, 0.958656, 0.958654, 37048, 1000000, 0.24
921501, 921498, 0.921501, 0.921498, 33877, 1000000, 0.23
881579, 881577, 0.881579, 0.881577, 30742, 1000000, 0.22
839935, 839934, 0.839935, 0.839934, 27594, 1000000, 0.21
799988, 799985, 0.799988, 0.799985, 24776, 1000000, 0.2
760003, 760002, 0.760003, 0.760002, 22240, 1000000, 0.19
719935, 719931, 0.719935, 0.719931, 19630, 1000000, 0.18
680109, 680104, 0.680109, 0.680104, 17506, 1000000, 0.17
641065, 641064, 0.641065, 0.641064, 15634, 1000000, 0.16
600496, 600493, 0.600496, 0.600493, 13485, 1000000, 0.15
561460, 561455, 0.56146, 0.561455, 11637, 1000000, 0.14
521362, 521359, 0.521362, 0.521359, 10074, 1000000, 0.13
479863, 479860, 0.479863, 0.47986, 8356, 1000000, 0.12
439764, 439760, 0.439764, 0.43976, 6983, 1000000, 0.11
399788, 399783, 0.399788, 0.399783, 5705, 1000000, 0.1
360216, 360216, 0.360216, 0.360216, 4626, 1000000, 0.09
320177, 320176, 0.320177, 0.320176, 3571, 1000000, 0.08
279475, 279473, 0.279475, 0.279473, 2778, 1000000, 0.07
239316, 239316, 0.239316, 0.239316, 2011, 1000000, 0.06
199538, 199535, 0.199538, 0.199535, 1362, 1000000, 0.05
160150, 160150, 0.16015, 0.16015, 793, 1000000, 0.04
119642, 119642, 0.119642, 0.119642, 468, 1000000, 0.03
79765, 79765, 0.079765, 0.079765, 182, 1000000, 0.02
39863, 39863, 0.039863, 0.039863, 55, 1000000, 0.01
0, 0, 0, 0, 0, 1000000, 0
